000	わんこ
001	にょろ
002	例のヤツ
003	カバちゃん
004	ブタヤロウ
005	ジャッキー・ペン
006	ゴリさん
007	メェメェ
008	ゴマさま
009	パオン
010	カ・ンガリュ
011	一角くん
012	クマ先生
013	ワニック
014	ウサ銀
015	リッスントゥミー
016	ブラックマ
017	赤羅我王
018	カオル君
019	
020	
021	カンバン娘
022	ガガガガ
023	悪の帝王 ニャンダム
024	ぶんぶん先生
025	
026	
027	
028	
029	
030	
031	師匠
032	ダチョウ同好会
033	フルぼっこ
034	コアラッキョ
035	こぶへい
036	アヒルンルン
037	まゆげどり
038	イノシャシ
039	ナマルケモルル
040	ナカイくん
041	だっふんど
042	セレブ
043	ハイ・エナジー
044	ダディ
045	ウルフとウルルン
046	殺意のわんこ
047	メタルカバちゃん
048	エリザベス2世
049	赤井ブン太郎
050	ブラックブンブン
051	ブラッゴリ
052	シャドウボクサー
053	クロサワ監督
054	超メタルカバちゃん
055	
056	メタルサイボーグ
057	メタックマ
058	メタルカオル君
059	メタルゴマさま
060	
061	
062	
063	
064	レッドサイクロン
065	
066	
067	
068	
069	ホワイトサイクロン
070	ブラックサイクロン
071	メタルサイクロン
072	
073	
074	
075	
076	
077	
078	
079	
080	
081	
082	
083	
084	
085	
086	
087	
088	
089	
090	
091	
092	
093	
094	
095	
096	
097	
098	
099	
100	
101	
102	
103	
104	
105	
106	
107	
108	
109	
110	
111	
112	エンジェルサイクロン
113	天使カバちゃん
114	天使ガブリエル
115	天使ゴンザレス
116	天使愛好家
117	カベわんこ
118	赤毛のにょろ
119	マンボーグ鈴木
120	
121	
122	
123	ド鳩・サブ・レー
124	ブラッコ
125	天使スレイプニール
126	
127	
128	
129	
130	
131	
132	
133	
134	
135	
136	
137	
138	
139	
140	
141	
142	
143	
144	
145	
146	はぐれたヤツ
147	メタルわんこ
148	コニャンダム
149	松 黒蔵
150	
151	
152	
153	
154	
155	
156	
157	
158	
159	
160	天使ヒオコエル
161	
162	
163	
164	
165	
166	
167	エイリワン
168	ワーニック
169	カーバチャン
170	ゴマサーマン
171	レディ・ガ
172	デカメガネル
173	ヤドカリー
174	カヲルさん
175	クマンチュー
176	破壊生物クオリネン
177	イノヴァルカン
178	エリザベス56世
179	スペースサイクロン
180	ギャラクシーニャンダム
181	反逆のヴァルキリー
182	ハサミーマン
183	サイバーX
184	プドール夫人
185	教授
186	
187	
188	
189	
190	
191	
192	
193	
194	
195	
196	
197	
198	
199	
200	
201	
202	
203	
204	
205	カルピンチョ
206	バトルコアラッキョ
207	ツバメンズ
208	よっちゃん
209	アルパッカ
210	ヨキカナ
211	パラサイトブンブン
212	暴走のネコムート
213	
214	
215	
216	
217	
218	
219	
220	
221	
222	
223	
224	
225	
226	
227	
228	
229	
230	
231	
232	断罪天使クオリネル
233	
234	
235	ドリュウ
236	ハリケーンサイクロン
237	
238	
239	
240	
241	
242	
243	
244	
245	
246	
247	
248	
249	
250	
251	
252	
253	
254	ミスターエンジェル
255	キョセーヌ
256	タッちゃん
257	チワワン伯爵
258	わんこずきんミーニャ
259	
260	
261	イノエンジェル
262	
263	
264	
265	
266	ヒカル
267	般若我王
268	
269	
270	
271	森の蜜子
272	ちびぶんぶん
273	
274	
275	
276	
277	
278	
279	
280	イノワール
281	
282	
283	
284	ゾンビワン
285	にょろろん
286	カバタリアン
287	トンシー
288	ジャッキー・ペンZ
289	ゴリ・ンジュ
290	ブチゴマさま
291	スカルボクサー
292	ワニボン
293	墓手太郎
294	アンデッドサイクロン
295	
296	
297	
298	
299	
300	
301	
302	
303	墓手花子
304	オオさん
305	
306	
307	
308	
309	ヒツギイヌ
310	キャベロン
311	
312	
313	
314	
315	
316	犬武者 武蔵
317	亡者デブウ
318	イルカ娘
319	
320	
321	
322	
323	
324	
325	
326	
327	
328	
329	
330	
331	
332	
333	
334	
335	
336	
337	
338	
339	
340	イカ天
341	
342	
343	
344	
345	
346	
347	
348	
349	
350	
351	
352	
353	
354	ネコ仙人
355	ケロ助
356	
357	
358	
359	
360	エリートエイリワン
361	スター・ペン
362	グレゴリー将軍
363	ハハパオン
364	巨匠
365	キャプテン・モグー
366	スペースマンボルグ
367	神さま
368	
369	
370	
371	
372	
373	
374	
375	大夢くん
376	
377	スーパースペースサイクロン
378	
379	天使ブッタ
380	謎仮面のウララー
381	
382	
383	
384	
385	
386	
387	ヒウマ
388	ウルトラメェメェ
389	
390	
391	
392	
393	
394	
395	
396	
397	
398	
399	
400	
401	
402	
403	
404	
405	レジェンドブンブンΩ
406	真レジェンドブンブン
407	古代わんこ
408	
409	
410	
411	
412	イングリッス
413	コライノくん
414	超町長
415	
416	
417	マナブくん
418	ゲコック
419	神さま（本気）
420	ダテメガネル
421	
422	
423	古我王
424	オールドリー
425	
426	
427	クマンケン
428	シノシシ
429	
430	
431	ユメミちゃん
432	
433	
434	
435	
436	
437	
438	エンシェントサイクロン
439	
440	
441	
442	
443	ミニスターサイクロン
444	チンアナ５兄弟
445	ルーパールーパー
446	ファイナルギガグランド神さま
447	スターフィリバスター
448	
449	
450	土偶戦士ドグ丸
451	
452	
453	
454	
455	
456	
457	
458	
459	
460	
461	
462	
463	
464	
465	
466	
467	
468	チキランラン
469	スリラーズ
470	
471	
472	
473	
474	
475	
476	
477	フグ太くん
478	
479	超新星テッサー
480	
481	
482	
483	
484	
485	
486	
487	
488	
489	
490	
491	阿亀我王
492	聖者ポプウ
493	太古の蜜江
494	
495	かわわっぱJr.
496	フェンリルとウルス
497	ワーニネーター
498	タッキー
499	
500	
501	
502	
503	
504	
505	
506	綺羅星ペロ
507	
508	
509	
510	
511	死霊妖精クオリネム
512	ミニアンデッドサイクロン
513	天使ドーヴエル
514	ドレミちゃん
515	
516	達人ウリル
517	メタルコアラッキョ
518	
519	
520	
521	ジョン・レオン
522	
523	
524	
525	
526	イディ:Re
527	テバムラサキホネツバメ
528	
529	
530	
531	
532	
533	
534	
535	コニャンダム亜種
536	
537	
