000	โดเก้
001	งูง
002	ชายพวกนั้น
003	ฮิปโป
004	พิกเก้
005	แจ็กกี้ เผิง
006	กอรี่
007	บาบ้า
008	ท่านแมวน้ำ
009	เลอ'โบอิน
010	คังรู
011	นอเดี่ยว
012	คุณครูหมี
013	จะเข้
014	บี.บี.บันนี่
015	กะ รอก
016	หมีมือสังหาร
017	เด็กชายขี้อาย
018	ใบหน้า
019	
020	
021	คุณป้าย
022	มูธ
023	เนียนดัม จักรพรรดิมาร
024	คุณครูบัน-บัน
025	
026	
027	
028	
029	
030	
031	มาสเตอร์ เอ.
032	อาร์.ออสต์
033	อุ๋งฟาด
034	โครี่
035	คาเมลล์
036	ดูชี่
037	อาวล์โบรว์
038	หูม
039	เดอะสลอธ
040	เรน ดี.
041	แด็กชุนด์
042	เซเลบูเดิล
043	เอช. นาห์
044	โดเบอร์ พี.ดี
045	หมาป่าอุรูรุน
046	โดเก้ดาร์ก
047	ฮิปโปโลหะ
048	เซนต์พิกเก้ที่ 2
049	เจ.เค.บัน-บัน
050	บัน บัน แบล็ก
051	กอรี่ แบล็ก
052	ชาโดว์บ็อกเซอร์ เค.
053	ท่านประธานคุโรซาวาห์
054	ซูเปอร์ฮิปโปโลหะ
055	
056	นอเดี่ยวโลหะ
057	คุณครูไซแบร์
058	ไซเบอร์เฟซ
059	ท่านแมวน้ำโลหะ
060	
061	
062	
063	
064	ไซโคลนสีแดง
065	
066	
067	
068	
069	ไซโคลนสีขาว
070	ไซโคลนสีดำ
071	ไซโคลนโลหะ
072	
073	
074	
075	
076	
077	
078	
079	
080	
081	
082	
083	
084	
085	
086	
087	
088	
089	
090	
091	
092	
093	
094	
095	
096	
097	
098	
099	
100	
101	
102	
103	
104	
105	
106	
107	
108	
109	
110	
111	
112	ไซโคลนเทพ
113	ไซโคลนสวรรค์
114	แกเบรียล
115	กอรี่เทพ
116	เทพแฟนบอย
117	โดเก้กำแพง
118	จินเจอร์งูง
119	ซันฟิชโจนส์
120	
121	
122	
123	นกพิราบแห่งซาเบิล
124	นากสายดาร์ก
125	สไลป์เนียร์เทพ
126	
127	
128	
129	
130	
131	
132	
133	
134	
135	
136	
137	
138	
139	
140	
141	
142	
143	
144	
145	
146	บล็อกเกอร์เกรียน
147	โดเก้โลหะ
148	เนียนดัมเล็ก
149	เลอ'นัวร์
150	
151	
152	
153	
154	
155	
156	
157	
158	
159	
160	คลิกฟูล เอ
161	
162	
163	
164	
165	
166	
167	ชิบาเลียน
168	คร็อกโซ
169	ฮิปโปห์
170	แม่ทัพแซล
171	มอววธ์
172	เลอเมอร์
173	เฺฮลมุตแครบเบ้
174	ไอ.เอ็ม. เฟซ
175	หมีใหญ่
176	ไคล-วัน
177	นิมอย หูม
178	อลิซาเบธที่ 56
179	ไซโคลนจักรวาล
180	เนียนดัม เจ้ากาแล็กซี่
181	วาลคีรีพลังจิตมาร
182	ซิสซอรู
183	ไซเบอร์ฮอร์น
184	นายหญิงเซเลบูเดิล
185	โปรเฟสเซอร์ เอ.
186	
187	
188	
189	
190	
191	
192	
193	
194	
195	
196	
197	
198	
199	
200	
201	
202	
203	
204	
205	คาปี้
206	เบอร์เซอร์โครี่
207	โบรล์โลว์
208	คาลาแมรี่
209	อัลแพ็กกี้
210	สลอธอาวุโส
211	บัน บัน ซิมไบออต
212	แมวบาฮามุตเดือด
213	
214	
215	
216	
217	
218	
219	
220	
221	
222	
223	
224	
225	
226	
227	
228	
229	
230	
231	
232	เทพไคลโอเนลจอมโหด
233	
234	
235	คุณตัวตุ่น
236	ไซโคลนสมบูรณ์แบบ
237	
238	
239	
240	
241	
242	
243	
244	
245	
246	
247	
248	
249	
250	
251	
252	
253	
254	คุณเทพ
255	ทูแคน
256	แท็กกี้
257	ราชาวาห์วาห์
258	ชื่อรหัส "หนูน้อยหมวกแดง"
259	
260	
261	โบราฟิม
262	
263	
264	
265	
266	อองรี
267	ฮานน์ยา
268	
269	
270	
271	ควีน บี.
272	บัน-บันเล็ก
273	
274	
275	
276	
277	
278	
279	
280	เรเซอร์แบ็ก
281	
282	
283	
284	โซกี้
285	ซเนคี้
286	ซอมโบ้
287	ซิกกี้
288	แซ็กกี้ เผิง
289	โซรี่
290	เซอร์ซีล
291	ซังรู
292	ซโรโค่
293	ลอร์ดเกรวี่
294	ไซโคลน
295	
296	
297	
298	
299	
300	
301	
302	
303	มิสฮากะ
304	บิ๊กซาล
305	
306	
307	
308	
309	โลงศพโซกี้
310	ซาเมลล์
311	
312	
313	
314	
315	
316	อินุมูชา
317	ดาบูแห่งความตาย
318	ดอลฟิน่า
319	
320	
321	
322	
323	
324	
325	
326	
327	
328	
329	
330	
331	
332	
333	
334	
335	
336	
337	
338	
339	
340	คาลามาเรีย
341	
342	
343	
344	
345	
346	
347	
348	
349	
350	
351	
352	
353	
354	แมวจำศีล
355	โครกลี่
356	
357	
358	
359	
360	ชิบาเลียนอีลีท
361	ดาวเผิง
362	นายพลเกรกอรี่
363	เลอ'โซลาร์
364	โปรเจ็กต์ เอ
365	นายสิบเวย์แลนด์
366	สเปซฟิชโจนส์
367	พระเจ้าแมว
368	
369	
370	
371	
372	
373	
374	
375	ยูแคน
376	
377	ซูเปอร์ไซโคลนจักรวาล
378	
379	พิกเก้ติดปีก
380	ยูลาล่า หน้ากากลึกลับ
381	
382	
383	
384	
385	
386	
387	แฮ็กกี้
388	อัลตร้าบาบา
389	
390	
391	
392	
393	
394	
395	
396	
397	
398	
399	
400	
401	
402	
403	
404	
405	เมคา-บัน
406	บัน-บันซากวัตถุ
407	โดเก้ซากวัตถุ
408	
409	
410	
411	
412	ท่านเรล
413	โอลด์ฮอร์น
414	โอธอม
415	
416	
417	คิดแทปป้า
418	ริบโบ้
419	พระเจ้าแมว
420	ลอริส
421	
422	
423	โลว์คีย์
424	เอ็ม. ออสต์
425	
426	
427	ซากหมี
428	หูมน่าเกรงขาม
429	
430	
431	บากู
432	
433	
434	
435	
436	
437	
438	ไซโคลนดึกดำบรรพ์
439	
440	
441	
442	
443	เมโสคอสโมไซโคลน
444	การ์เดนนีลโบรส์
445	แอ็กโซโลตี้
446	บอสสุดท้ายจิก้า-ก็อด
447	ฟิลิบัสเตอร์ ออบสตรักตา
448	
449	
450	โดกุมารุ
451	
452	
453	
454	
455	
456	
457	
458	
459	
460	
461	
462	
463	
464	
465	
466	
467	
468	ซูเค่
469	เดอะทริลเลอร์ซ
470	
471	
472	
473	
474	
475	
476	
477	คุณพัฟฟิงตัน
478	
479	ดาวตกของพัฟส์ลีย์
480	
481	
482	
483	
484	
485	
486	
487	
488	
489	
490	
491	แบล็กโอกาเมะ
492	ทูตสวรรค์ปาปู
493	สมเด็จย่าที่ 5
494	
495	แคปปี้จูเนียร์
496	เออร์สและเฟนเรอร์
497	โครโคเนเตอร์
498	ก็อบเบิ้ล
499	บารอนแมวน้ำ
500	
501	
502	
503	
504	
505	
506	เทพวานวาน
507	
508	
509	
510	เลอ'กริม
511	เทพแห่งความตายซี-โอเนล
512	ไซโคลนเล็ก
513	เซนต์โดเบอร์
514	โดเรมี
515	เมก้ามูธ
516	มาสเตอร์ยูริล
517	โคโรเนียม
518	
519	
520	
521	จอห์นนีลีออน
522	
523	
524	
525	ซูเปอร์ฮิปโปห์
526	ไอดิ:รี
527	ซอลโลว์
528	
529	
530	
531	
532	
533	
534	
535	แมวจักรพรรดิชั่วร้าย
536	
537	
538	หูมจูเนียร์
539	
540	
541	เรย์นาร์ด
542	
543	
544	
545	
546	
547	คุณสิงโตทะเล
548	
549	เดือดดาลไส้ทะลัก
550	
551	โดรอนเพลิงอาวุโส
552	อากุโดเก้
553	งูงบาป
554	สมุนเซอร์เบอรัส
555	เผิงถูกประณาม
556	อากุกอรี่
557	เลอ'เบอฮีมอธ
558	หมีบาป
559	ใบหน้าชั่วร้าย
560	อากุไซโคลน
561	
562	
563	
564	
565	
566	
567	
568	
569	
570	นักบวชมาม่อนมืด
571	นักบวชมาม่อนสูงสุด
572	จากานโดเทพแห่งการทำลายล้าง
573	จักรพรรดินีถูกเข้าสิง
574	
575	
576	
577	
578	
579	
580	
581	
582	
583	เมดู-ซัง
584	นางปีศาจ
585	ซาตานคามุนที่ 8
586	มิดไนต์ดี
587	แอ็กกี้
588	เดธโครี่
589	
590	
591	
592	พลังแดง
593	อาร์คแองเจิลเอกเซียล
594	บิ๊กเผิงซี
595	
596	
597	
598	
599	สุดยอดอสูรนาลา
600	ซาปี้
601	
602	
603	
604	
605	
606	
607	
608	
609	
610	
611	
612	
613	
614	
615	
616	
617	
618	
619	
620	
621	
622	
623	
624	
